Current,Voltage,Resistance
-4.9999999999999996e-06,-0.000332947642012353,270.7177458299505
-4.9999999999999996e-06,-0.0012878514517999163,270.7177458299505
-4.9999999999999996e-06,-0.0012878514517999163,270.7177458299505
-4.9999999999999996e-06,-0.0013535940192184548,270.7177458299505
-4.9999999999999996e-06,-0.001353649796024061,270.7177458299505
-4.9999999999999996e-06,-0.0013536940674238917,270.7177458299505
-4.9999999999999996e-06,-0.0013536518906382953,270.7177458299505
-4.9999999999999996e-06,-0.001354380809778448,270.7177458299505
-4.9999999999999996e-06,-0.0013535435163214875,270.7177458299505
-4.9999999999999996e-06,-0.0013531980220519403,270.7177458299505
-4.9999999999999996e-06,-0.0013536149102209777,270.7177458299505
-4.9999999999999996e-06,-0.001353641783008085,270.7177458299505
-4.9999999999999996e-06,-0.0013536532700183998,270.7177458299505
-4.9999999999999996e-06,-0.0013536532700183998,270.7177458299505
-4.9999999999999996e-06,-0.0013536650418556416,270.7177458299505
-4.9999999999999996e-06,-0.0013535678551921382,270.7177458299505
-4.9999999999999996e-06,-0.0013536614962820046,270.7177458299505
-4.9999999999999996e-06,-0.0013536434853100184,270.7177458299505
-4.9999999999999996e-06,-0.0013535855076156444,270.7177458299505
-4.9999999999999996e-06,-0.0013535887291497525,270.7177458299505
-4.9999999999999996e-06,-0.0013535474123402863,270.7177458299505
-4.9999999999999996e-06,-0.0013536086032325978,270.7177458299505
