Current,Voltage,Resistance
-4.9999999999999996e-06,-0.0018908628487050625,1239.8247563555212
-4.9999999999999996e-06,-0.00591838952394785,1239.8247563555212
-4.9999999999999996e-06,-0.00591838952394785,1239.8247563555212
-4.9999999999999996e-06,-0.0061992285618543055,1239.8247563555212
-4.9999999999999996e-06,-0.006198803541075515,1239.8247563555212
-4.9999999999999996e-06,-0.006199123781777605,1239.8247563555212
-4.9999999999999996e-06,-0.00620093249665289,1239.8247563555212
-4.9999999999999996e-06,-0.006204120211522306,1239.8247563555212
-4.9999999999999996e-06,-0.006203598304787568,1239.8247563555212
-4.9999999999999996e-06,-0.00620296971192702,1239.8247563555212
-4.9999999999999996e-06,-0.006202383342702268,1239.8247563555212
-4.9999999999999996e-06,-0.006202082971006805,1239.8247563555212
-4.9999999999999996e-06,-0.006202243566682579,1239.8247563555212
-4.9999999999999996e-06,-0.006202243566682579,1239.8247563555212
-4.9999999999999996e-06,-0.006202303232987073,1239.8247563555212
-4.9999999999999996e-06,-0.006204123407302768,1239.8247563555212
-4.9999999999999996e-06,-0.006203115888262942,1239.8247563555212
-4.9999999999999996e-06,-0.006202967705564422,1239.8247563555212
-4.9999999999999996e-06,-0.006203694120826273,1239.8247563555212
-4.9999999999999996e-06,-0.006202947467624027,1239.8247563555212
-4.9999999999999996e-06,-0.006203374957818741,1239.8247563555212
-4.9999999999999996e-06,-0.006203040203703816,1239.8247563555212
