Current,Voltage,Resistance
-4.9999999999999996e-06,-0.00028081891886127657,227.43823171050894
-4.9999999999999996e-06,-0.001082190591497312,227.43823171050894
-4.9999999999999996e-06,-0.001082190591497312,227.43823171050894
-4.9999999999999996e-06,-0.001137396771272997,227.43823171050894
-4.9999999999999996e-06,-0.0011374040276999886,227.43823171050894
-4.9999999999999996e-06,-0.0011373371296044472,227.43823171050894
-4.9999999999999996e-06,-0.0011373708751684112,227.43823171050894
-4.9999999999999996e-06,-0.0011374277112731126,227.43823171050894
-4.9999999999999996e-06,-0.0011372727082830086,227.43823171050894
-4.9999999999999996e-06,-0.0011373423181954077,227.43823171050894
-4.9999999999999996e-06,-0.0011372666046692498,227.43823171050894
-4.9999999999999996e-06,-0.001137313799317306,227.43823171050894
-4.9999999999999996e-06,-0.0011373072816892615,227.43823171050894
-4.9999999999999996e-06,-0.0011373072816892615,227.43823171050894
-4.9999999999999996e-06,-0.001137220697284284,227.43823171050894
-4.9999999999999996e-06,-0.001137298236711241,227.43823171050894
-4.9999999999999996e-06,-0.0011372147793016773,227.43823171050894
-4.9999999999999996e-06,-0.0011372606290320105,227.43823171050894
-4.9999999999999996e-06,-0.0011374035339565174,227.43823171050894
-4.9999999999999996e-06,-0.0011372230990794206,227.43823171050894
-4.9999999999999996e-06,-0.0011371911585525446,227.43823171050894
-4.9999999999999996e-06,-0.0011372708345074418,227.43823171050894
