Current,Voltage,Resistance
-4.9999999999999996e-06,-0.0020134326891869474,1678.991931198044
-4.9999999999999996e-06,-0.007974869884209302,1678.991931198044
-4.9999999999999996e-06,-0.007974869884209302,1678.991931198044
-4.9999999999999996e-06,-0.008394704606424644,1678.991931198044
-4.9999999999999996e-06,-0.00839452026016039,1678.991931198044
-4.9999999999999996e-06,-0.008394225550913636,1678.991931198044
-4.9999999999999996e-06,-0.00839509315906477,1678.991931198044
-4.9999999999999996e-06,-0.008394962963913125,1678.991931198044
-4.9999999999999996e-06,-0.008395365025806796,1678.991931198044
-4.9999999999999996e-06,-0.008395039604523919,1678.991931198044
-4.9999999999999996e-06,-0.008394861956070074,1678.991931198044
-4.9999999999999996e-06,-0.008395354117065925,1678.991931198044
-4.9999999999999996e-06,-0.00839495965599022,1678.991931198044
-4.9999999999999996e-06,-0.00839495965599022,1678.991931198044
-4.9999999999999996e-06,-0.008394293560094978,1678.991931198044
-4.9999999999999996e-06,-0.008394455544930719,1678.991931198044
-4.9999999999999996e-06,-0.008395100807850624,1678.991931198044
-4.9999999999999996e-06,-0.008395295817893417,1678.991931198044
-4.9999999999999996e-06,-0.008394948276884407,1678.991931198044
-4.9999999999999996e-06,-0.008394393088384165,1678.991931198044
-4.9999999999999996e-06,-0.0083944654999019,1678.991931198044
-4.9999999999999996e-06,-0.008394580310860149,1678.991931198044
