Current,Voltage,Resistance
-4.9999999999999996e-06,-0.0017323082380282903,1110.220983149809
-4.9999999999999996e-06,-0.00523888752922894,1110.220983149809
-4.9999999999999996e-06,-0.00523888752922894,1110.220983149809
-4.9999999999999996e-06,-0.005551104915749045,1110.220983149809
-4.9999999999999996e-06,-0.0055509567077160135,1110.220983149809
-4.9999999999999996e-06,-0.005551305314497456,1110.220983149809
-4.9999999999999996e-06,-0.005551390666080594,1110.220983149809
-4.9999999999999996e-06,-0.005551504262379617,1110.220983149809
-4.9999999999999996e-06,-0.005551421311986198,1110.220983149809
-4.9999999999999996e-06,-0.005551298116237382,1110.220983149809
-4.9999999999999996e-06,-0.0055515829990017635,1110.220983149809
-4.9999999999999996e-06,-0.0055509685999387375,1110.220983149809
-4.9999999999999996e-06,-0.005551536990604763,1110.220983149809
-4.9999999999999996e-06,-0.005551536990604763,1110.220983149809
-4.9999999999999996e-06,-0.005551605773839142,1110.220983149809
-4.9999999999999996e-06,-0.005551719295298911,1110.220983149809
-4.9999999999999996e-06,-0.005550706787410236,1110.220983149809
-4.9999999999999996e-06,-0.005551625709954276,1110.220983149809
-4.9999999999999996e-06,-0.005551769951786328,1110.220983149809
-4.9999999999999996e-06,-0.005551929503903929,1110.220983149809
-4.9999999999999996e-06,-0.005551564677914914,1110.220983149809
-4.9999999999999996e-06,-0.005551279300196224,1110.220983149809
