Current,Voltage,Resistance
-4.9999999999999996e-06,-0.0011164131075559601,566.7736981925079
-4.9999999999999996e-06,-0.0028338684909625395,566.7736981925079
-4.9999999999999996e-06,-0.0028338684909625395,566.7736981925079
-4.9999999999999996e-06,-0.0029529637652635126,566.7736981925079
-4.9999999999999996e-06,-0.0029524806243303122,566.7736981925079
-4.9999999999999996e-06,-0.0029526517931578716,566.7736981925079
-4.9999999999999996e-06,-0.0029526813642563074,566.7736981925079
-4.9999999999999996e-06,-0.002951555772021252,566.7736981925079
-4.9999999999999996e-06,-0.00295272632215609,566.7736981925079
-4.9999999999999996e-06,-0.002952009858698596,566.7736981925079
-4.9999999999999996e-06,-0.0029526610206467973,566.7736981925079
-4.9999999999999996e-06,-0.002952940975849478,566.7736981925079
-4.9999999999999996e-06,-0.002952526451427243,566.7736981925079
-4.9999999999999996e-06,-0.002952526451427243,566.7736981925079
-4.9999999999999996e-06,-0.002952312961770647,566.7736981925079
-4.9999999999999996e-06,-0.0029524842475840197,566.7736981925079
-4.9999999999999996e-06,-0.0029530235800822417,566.7736981925079
-4.9999999999999996e-06,-0.002952158825462868,566.7736981925079
-4.9999999999999996e-06,-0.0029526686395342163,566.7736981925079
-4.9999999999999996e-06,-0.002952976172512557,566.7736981925079
-4.9999999999999996e-06,-0.0029531367253897746,566.7736981925079
-4.9999999999999996e-06,-0.0029524124460504416,566.7736981925079
