Current,Voltage,Resistance
-4.9999999999999996e-06,-0.0025344370978988996,1766.1276698248107
-4.9999999999999996e-06,-0.008448528888944474,1766.1276698248107
-4.9999999999999996e-06,-0.008448528888944474,1766.1276698248107
-4.9999999999999996e-06,-0.008831786392110394,1766.1276698248107
-4.9999999999999996e-06,-0.008831767686022854,1766.1276698248107
-4.9999999999999996e-06,-0.008831758229359084,1766.1276698248107
-4.9999999999999996e-06,-0.008832196318878353,1766.1276698248107
-4.9999999999999996e-06,-0.008831880759890807,1766.1276698248107
-4.9999999999999996e-06,-0.008832694447920411,1766.1276698248107
-4.9999999999999996e-06,-0.008832176978962427,1766.1276698248107
-4.9999999999999996e-06,-0.008832708862975743,1766.1276698248107
-4.9999999999999996e-06,-0.008830638349124053,1766.1276698248107
-4.9999999999999996e-06,-0.008829547234266297,1766.1276698248107
-4.9999999999999996e-06,-0.008829547234266297,1766.1276698248107
-4.9999999999999996e-06,-0.008829528780592406,1766.1276698248107
-4.9999999999999996e-06,-0.00882945304811194,1766.1276698248107
-4.9999999999999996e-06,-0.008830270347240292,1766.1276698248107
-4.9999999999999996e-06,-0.008829982081527453,1766.1276698248107
-4.9999999999999996e-06,-0.008830215561833572,1766.1276698248107
-4.9999999999999996e-06,-0.008830216354002642,1766.1276698248107
-4.9999999999999996e-06,-0.008831345258258842,1766.1276698248107
-4.9999999999999996e-06,-0.0088314384314986,1766.1276698248107
