Current,Voltage,Resistance
-4.9999999999999996e-06,-0.0023445617579406545,1610.0253658902886
-4.9999999999999996e-06,-0.007694110336440309,1610.0253658902886
-4.9999999999999996e-06,-0.007694110336440309,1610.0253658902886
-4.9999999999999996e-06,-0.008046879831834523,1610.0253658902886
-4.9999999999999996e-06,-0.00804815132885125,1610.0253658902886
-4.9999999999999996e-06,-0.008048119504704767,1610.0253658902886
-4.9999999999999996e-06,-0.008047058080120085,1610.0253658902886
-4.9999999999999996e-06,-0.008048911218774803,1610.0253658902886
-4.9999999999999996e-06,-0.008049730397034362,1610.0253658902886
-4.9999999999999996e-06,-0.008050126829451443,1610.0253658902886
-4.9999999999999996e-06,-0.00805021946200437,1610.0253658902886
-4.9999999999999996e-06,-0.008049368177379366,1610.0253658902886
-4.9999999999999996e-06,-0.008049159020528973,1610.0253658902886
-4.9999999999999996e-06,-0.008049159020528973,1610.0253658902886
-4.9999999999999996e-06,-0.008048152004127647,1610.0253658902886
-4.9999999999999996e-06,-0.008047600479816834,1610.0253658902886
-4.9999999999999996e-06,-0.00804752055456852,1610.0253658902886
-4.9999999999999996e-06,-0.008047860743447575,1610.0253658902886
-4.9999999999999996e-06,-0.008048146864110017,1610.0253658902886
-4.9999999999999996e-06,-0.00804835863125296,1610.0253658902886
-4.9999999999999996e-06,-0.008048295267507492,1610.0253658902886
-4.9999999999999996e-06,-0.008047662587082493,1610.0253658902886
