Current,Voltage,Resistance
-4.9999999999999996e-06,-0.0018844863238542029,1235.1739420202985
-4.9999999999999996e-06,-0.005895521919658356,1235.1739420202985
-4.9999999999999996e-06,-0.005895521919658356,1235.1739420202985
-4.9999999999999996e-06,-0.006175171355787204,1235.1739420202985
-4.9999999999999996e-06,-0.006175794087900655,1235.1739420202985
-4.9999999999999996e-06,-0.00617550996656861,1235.1739420202985
-4.9999999999999996e-06,-0.00617557470652737,1235.1739420202985
-4.9999999999999996e-06,-0.0061755115467153785,1235.1739420202985
-4.9999999999999996e-06,-0.006175869710101492,1235.1739420202985
-4.9999999999999996e-06,-0.006175761998626675,1235.1739420202985
-4.9999999999999996e-06,-0.006176073484673034,1235.1739420202985
-4.9999999999999996e-06,-0.0061761851260235985,1235.1739420202985
-4.9999999999999996e-06,-0.006176215684189848,1235.1739420202985
-4.9999999999999996e-06,-0.006176215684189848,1235.1739420202985
-4.9999999999999996e-06,-0.006175695759414618,1235.1739420202985
-4.9999999999999996e-06,-0.006176477124058928,1235.1739420202985
-4.9999999999999996e-06,-0.00617636319370766,1235.1739420202985
-4.9999999999999996e-06,-0.006175935751946568,1235.1739420202985
-4.9999999999999996e-06,-0.006176300030728848,1235.1739420202985
-4.9999999999999996e-06,-0.006176283318988648,1235.1739420202985
-4.9999999999999996e-06,-0.006176478627503601,1235.1739420202985
-4.9999999999999996e-06,-0.006176165237410678,1235.1739420202985
