Current,Voltage,Resistance
-4.9999999999999996e-06,-0.001247011009778472,1036.9129259210445
-4.9999999999999996e-06,-0.004926061460163202,1036.9129259210445
-4.9999999999999996e-06,-0.004926061460163202,1036.9129259210445
-4.9999999999999996e-06,-0.005184364501759071,1036.9129259210445
-4.9999999999999996e-06,-0.005184778623576865,1036.9129259210445
-4.9999999999999996e-06,-0.005184881271503275,1036.9129259210445
-4.9999999999999996e-06,-0.005184695637929358,1036.9129259210445
-4.9999999999999996e-06,-0.005184669820249977,1036.9129259210445
-4.9999999999999996e-06,-0.005184643706566684,1036.9129259210445
-4.9999999999999996e-06,-0.0051845156029556,1036.9129259210445
-4.9999999999999996e-06,-0.005184852033665386,1036.9129259210445
-4.9999999999999996e-06,-0.0051846376301968285,1036.9129259210445
-4.9999999999999996e-06,-0.005184145181253809,1036.9129259210445
-4.9999999999999996e-06,-0.005184145181253809,1036.9129259210445
-4.9999999999999996e-06,-0.005184591354297235,1036.9129259210445
-4.9999999999999996e-06,-0.005184564629605222,1036.9129259210445
-4.9999999999999996e-06,-0.005184842739114521,1036.9129259210445
-4.9999999999999996e-06,-0.005184939773025845,1036.9129259210445
-4.9999999999999996e-06,-0.005185361456868126,1036.9129259210445
-4.9999999999999996e-06,-0.00518542821306248,1036.9129259210445
-4.9999999999999996e-06,-0.005185548613725876,1036.9129259210445
-4.9999999999999996e-06,-0.005185494215974376,1036.9129259210445
