Current,Voltage,Resistance
-4.9999999999999996e-06,-0.0029296448605336447,2110.845499401605
-4.9999999999999996e-06,-0.010044505963675168,2110.845499401605
-4.9999999999999996e-06,-0.010044505963675168,2110.845499401605
-4.9999999999999996e-06,-0.01055389552926979,2110.845499401605
-4.9999999999999996e-06,-0.010555789466261416,2110.845499401605
-4.9999999999999996e-06,-0.010553524303756239,2110.845499401605
-4.9999999999999996e-06,-0.010556040208495,2110.845499401605
-4.9999999999999996e-06,-0.010555200895356198,2110.845499401605
-4.9999999999999996e-06,-0.01055535808200388,2110.845499401605
-4.9999999999999996e-06,-0.010555962334224098,2110.845499401605
-4.9999999999999996e-06,-0.010554227497008024,2110.845499401605
-4.9999999999999996e-06,-0.010555021335171607,2110.845499401605
-4.9999999999999996e-06,-0.010555854791568378,2110.845499401605
-4.9999999999999996e-06,-0.010555854791568378,2110.845499401605
-4.9999999999999996e-06,-0.010554446682877153,2110.845499401605
-4.9999999999999996e-06,-0.01055411273308627,2110.845499401605
-4.9999999999999996e-06,-0.010555789856058897,2110.845499401605
-4.9999999999999996e-06,-0.010554164541688352,2110.845499401605
-4.9999999999999996e-06,-0.010552391619815062,2110.845499401605
-4.9999999999999996e-06,-0.010554096823574425,2110.845499401605
-4.9999999999999996e-06,-0.01055350462480499,2110.845499401605
-4.9999999999999996e-06,-0.010551789846092077,2110.845499401605
