Current,Voltage,Resistance
-4.9999999999999996e-06,-0.0017890462933415755,1155.1785449607214
-4.9999999999999996e-06,-0.0055146491585715,1155.1785449607214
-4.9999999999999996e-06,-0.0055146491585715,1155.1785449607214
-4.9999999999999996e-06,-0.00577478684211681,1155.1785449607214
-4.9999999999999996e-06,-0.005774803627252579,1155.1785449607214
-4.9999999999999996e-06,-0.005774930278460558,1155.1785449607214
-4.9999999999999996e-06,-0.005775892724803606,1155.1785449607214
-4.9999999999999996e-06,-0.005774910725157277,1155.1785449607214
-4.9999999999999996e-06,-0.005774261371412987,1155.1785449607214
-4.9999999999999996e-06,-0.005774880888977936,1155.1785449607214
-4.9999999999999996e-06,-0.005775863737609684,1155.1785449607214
-4.9999999999999996e-06,-0.005775226487146907,1155.1785449607214
-4.9999999999999996e-06,-0.005776015136672953,1155.1785449607214
-4.9999999999999996e-06,-0.005776015136672953,1155.1785449607214
-4.9999999999999996e-06,-0.005775140833878223,1155.1785449607214
-4.9999999999999996e-06,-0.005776037374316326,1155.1785449607214
-4.9999999999999996e-06,-0.005775147262788918,1155.1785449607214
-4.9999999999999996e-06,-0.005775101440861349,1155.1785449607214
-4.9999999999999996e-06,-0.005775093608353737,1155.1785449607214
-4.9999999999999996e-06,-0.005774936569847723,1155.1785449607214
-4.9999999999999996e-06,-0.0057745887941685215,1155.1785449607214
-4.9999999999999996e-06,-0.005774139607203549,1155.1785449607214
