Current,Voltage,Resistance
-4.9999999999999996e-06,-0.0011454378489428388,951.8661195750752
-4.9999999999999996e-06,-0.004523689528195674,951.8661195750752
-4.9999999999999996e-06,-0.004523689528195674,951.8661195750752
-4.9999999999999996e-06,-0.004759535394489379,951.8661195750752
-4.9999999999999996e-06,-0.0047595138672367815,951.8661195750752
-4.9999999999999996e-06,-0.004759533379092054,951.8661195750752
-4.9999999999999996e-06,-0.0047596338159307,951.8661195750752
-4.9999999999999996e-06,-0.004759557001098596,951.8661195750752
-4.9999999999999996e-06,-0.004759437129432761,951.8661195750752
-4.9999999999999996e-06,-0.0047595316509433366,951.8661195750752
-4.9999999999999996e-06,-0.00475947477082924,951.8661195750752
-4.9999999999999996e-06,-0.00475934868503717,951.8661195750752
-4.9999999999999996e-06,-0.004759630627135853,951.8661195750752
-4.9999999999999996e-06,-0.004759630627135853,951.8661195750752
-4.9999999999999996e-06,-0.004759407179434411,951.8661195750752
-4.9999999999999996e-06,-0.004759630472939979,951.8661195750752
-4.9999999999999996e-06,-0.004759526133748908,951.8661195750752
-4.9999999999999996e-06,-0.004759330597875376,951.8661195750752
-4.9999999999999996e-06,-0.004759389397683833,951.8661195750752
-4.9999999999999996e-06,-0.004759409681636166,951.8661195750752
-4.9999999999999996e-06,-0.0047594151002868035,951.8661195750752
-4.9999999999999996e-06,-0.004759369369684541,951.8661195750752
