Current,Voltage,Resistance
-4.9999999999999996e-06,-0.001198778269008281,996.5460309808146
-4.9999999999999996e-06,-0.004735712349686424,996.5460309808146
-4.9999999999999996e-06,-0.004735712349686424,996.5460309808146
-4.9999999999999996e-06,-0.004982779860555763,996.5460309808146
-4.9999999999999996e-06,-0.004982868164773288,996.5460309808146
-4.9999999999999996e-06,-0.004982959224304784,996.5460309808146
-4.9999999999999996e-06,-0.004982904429071633,996.5460309808146
-4.9999999999999996e-06,-0.004982840304825234,996.5460309808146
-4.9999999999999996e-06,-0.004982932003075058,996.5460309808146
-4.9999999999999996e-06,-0.0049827976499905195,996.5460309808146
-4.9999999999999996e-06,-0.004982673295560552,996.5460309808146
-4.9999999999999996e-06,-0.004982688126073862,996.5460309808146
-4.9999999999999996e-06,-0.004982962956021851,996.5460309808146
-4.9999999999999996e-06,-0.004982962956021851,996.5460309808146
-4.9999999999999996e-06,-0.004982880630608378,996.5460309808146
-4.9999999999999996e-06,-0.004982857153762975,996.5460309808146
-4.9999999999999996e-06,-0.004982833467535315,996.5460309808146
-4.9999999999999996e-06,-0.004982770354946098,996.5460309808146
-4.9999999999999996e-06,-0.0049827301549040725,996.5460309808146
-4.9999999999999996e-06,-0.004982776234135239,996.5460309808146
-4.9999999999999996e-06,-0.004982765227130013,996.5460309808146
-4.9999999999999996e-06,-0.004982856516162342,996.5460309808146
