Current,Voltage,Resistance
-4.9999999999999996e-06,-0.0019565002645517446,1619.4128861041859
-4.9999999999999996e-06,-0.007717318705456627,1619.4128861041859
-4.9999999999999996e-06,-0.007717318705456627,1619.4128861041859
-4.9999999999999996e-06,-0.008097328984252465,1619.4128861041859
-4.9999999999999996e-06,-0.008096540647495811,1619.4128861041859
-4.9999999999999996e-06,-0.008097283711394454,1619.4128861041859
-4.9999999999999996e-06,-0.008096721128850546,1619.4128861041859
-4.9999999999999996e-06,-0.008096384681468428,1619.4128861041859
-4.9999999999999996e-06,-0.008097055619793965,1619.4128861041859
-4.9999999999999996e-06,-0.008096230252742684,1619.4128861041859
-4.9999999999999996e-06,-0.008096434117754688,1619.4128861041859
-4.9999999999999996e-06,-0.008096781485520378,1619.4128861041859
-4.9999999999999996e-06,-0.008097064430520929,1619.4128861041859
-4.9999999999999996e-06,-0.008097064430520929,1619.4128861041859
-4.9999999999999996e-06,-0.008096845446769023,1619.4128861041859
-4.9999999999999996e-06,-0.008097045231248769,1619.4128861041859
-4.9999999999999996e-06,-0.008096357143231361,1619.4128861041859
-4.9999999999999996e-06,-0.008096611073700945,1619.4128861041859
-4.9999999999999996e-06,-0.008097463012645483,1619.4128861041859
-4.9999999999999996e-06,-0.008097109271202056,1619.4128861041859
-4.9999999999999996e-06,-0.00809663621540537,1619.4128861041859
-4.9999999999999996e-06,-0.008096824022810433,1619.4128861041859
