Current,Voltage,Resistance
-4.9999999999999996e-06,-0.0013050218744732314,1085.2892082663302
-4.9999999999999996e-06,-0.00515747999478847,1085.2892082663302
-4.9999999999999996e-06,-0.00515747999478847,1085.2892082663302
-4.9999999999999996e-06,-0.00542673126336421,1085.2892082663302
-4.9999999999999996e-06,-0.005426764099307582,1085.2892082663302
-4.9999999999999996e-06,-0.005426762548546988,1085.2892082663302
-4.9999999999999996e-06,-0.005426836658501273,1085.2892082663302
-4.9999999999999996e-06,-0.005426733811903884,1085.2892082663302
-4.9999999999999996e-06,-0.005426519917174601,1085.2892082663302
-4.9999999999999996e-06,-0.0054264841375384265,1085.2892082663302
-4.9999999999999996e-06,-0.005426385838485132,1085.2892082663302
-4.9999999999999996e-06,-0.005426482586684684,1085.2892082663302
-4.9999999999999996e-06,-0.005426569766264305,1085.2892082663302
-4.9999999999999996e-06,-0.005426569766264305,1085.2892082663302
-4.9999999999999996e-06,-0.005426597775378586,1085.2892082663302
-4.9999999999999996e-06,-0.005426543531403823,1085.2892082663302
-4.9999999999999996e-06,-0.0054264460413316505,1085.2892082663302
-4.9999999999999996e-06,-0.005426428280351643,1085.2892082663302
-4.9999999999999996e-06,-0.00542638829565293,1085.2892082663302
-4.9999999999999996e-06,-0.0054263233066336085,1085.2892082663302
-4.9999999999999996e-06,-0.005426571787063842,1085.2892082663302
-4.9999999999999996e-06,-0.005426361849687077,1085.2892082663302
