Current,Voltage,Resistance
-4.9999999999999996e-06,-0.0016983975083044206,1030.5622347792346
-4.9999999999999996e-06,-0.005152811173896173,1030.5622347792346
-4.9999999999999996e-06,-0.005152811173896173,1030.5622347792346
-4.9999999999999996e-06,-0.005394140860358835,1030.5622347792346
-4.9999999999999996e-06,-0.005394351380615559,1030.5622347792346
-4.9999999999999996e-06,-0.005393931038943333,1030.5622347792346
-4.9999999999999996e-06,-0.005393875773019249,1030.5622347792346
-4.9999999999999996e-06,-0.005393641126999788,1030.5622347792346
-4.9999999999999996e-06,-0.005394073573909515,1030.5622347792346
-4.9999999999999996e-06,-0.0053937527974105325,1030.5622347792346
-4.9999999999999996e-06,-0.005393289188032049,1030.5622347792346
-4.9999999999999996e-06,-0.005393441925493134,1030.5622347792346
-4.9999999999999996e-06,-0.005393805809588013,1030.5622347792346
-4.9999999999999996e-06,-0.005393805809588013,1030.5622347792346
-4.9999999999999996e-06,-0.005393462715623338,1030.5622347792346
-4.9999999999999996e-06,-0.005393528605833932,1030.5622347792346
-4.9999999999999996e-06,-0.005393689520752439,1030.5622347792346
-4.9999999999999996e-06,-0.005393355814806187,1030.5622347792346
-4.9999999999999996e-06,-0.005393309958416236,1030.5622347792346
-4.9999999999999996e-06,-0.005393238877891564,1030.5622347792346
-4.9999999999999996e-06,-0.0053930448240867195,1030.5622347792346
-4.9999999999999996e-06,-0.005393059089044406,1030.5622347792346
