Current,Voltage,Resistance
-4.9999999999999996e-06,-0.0016753053659982458,1062.1168060541747
-4.9999999999999996e-06,-0.005032077967615371,1062.1168060541747
-4.9999999999999996e-06,-0.005032077967615371,1062.1168060541747
-4.9999999999999996e-06,-0.005310533316221959,1062.1168060541747
-4.9999999999999996e-06,-0.005310584030270874,1062.1168060541747
-4.9999999999999996e-06,-0.005310433446941485,1062.1168060541747
-4.9999999999999996e-06,-0.005310770789274399,1062.1168060541747
-4.9999999999999996e-06,-0.005310858736945992,1062.1168060541747
-4.9999999999999996e-06,-0.005310638947379774,1062.1168060541747
-4.9999999999999996e-06,-0.005310712790530029,1062.1168060541747
-4.9999999999999996e-06,-0.005310745482755959,1062.1168060541747
-4.9999999999999996e-06,-0.005310369796180263,1062.1168060541747
-4.9999999999999996e-06,-0.005310687027431604,1062.1168060541747
-4.9999999999999996e-06,-0.005310687027431604,1062.1168060541747
-4.9999999999999996e-06,-0.0053103156675147695,1062.1168060541747
-4.9999999999999996e-06,-0.005310291165832647,1062.1168060541747
-4.9999999999999996e-06,-0.005310613594150838,1062.1168060541747
-4.9999999999999996e-06,-0.005310801285594636,1062.1168060541747
-4.9999999999999996e-06,-0.00531080088177935,1062.1168060541747
-4.9999999999999996e-06,-0.005310844363618084,1062.1168060541747
-4.9999999999999996e-06,-0.00531134101520195,1062.1168060541747
-4.9999999999999996e-06,-0.005311718856095628,1062.1168060541747
