Current,Voltage,Resistance
-4.9999999999999996e-06,-0.001919759089464914,1264.2184933434223
-4.9999999999999996e-06,-0.006033725258071358,1264.2184933434223
-4.9999999999999996e-06,-0.006033725258071358,1264.2184933434223
-4.9999999999999996e-06,-0.006321592282506455,1264.2184933434223
-4.9999999999999996e-06,-0.006321828283409776,1264.2184933434223
-4.9999999999999996e-06,-0.00632100720073108,1264.2184933434223
-4.9999999999999996e-06,-0.006320990008985783,1264.2184933434223
-4.9999999999999996e-06,-0.006321092466717111,1264.2184933434223
-4.9999999999999996e-06,-0.006321149176521839,1264.2184933434223
-4.9999999999999996e-06,-0.006321511069575911,1264.2184933434223
-4.9999999999999996e-06,-0.006322097780816503,1264.2184933434223
-4.9999999999999996e-06,-0.006322191323222877,1264.2184933434223
-4.9999999999999996e-06,-0.006322031152226103,1264.2184933434223
-4.9999999999999996e-06,-0.006322031152226103,1264.2184933434223
-4.9999999999999996e-06,-0.006321912598140936,1264.2184933434223
-4.9999999999999996e-06,-0.006322627821092405,1264.2184933434223
-4.9999999999999996e-06,-0.006323812100527751,1264.2184933434223
-4.9999999999999996e-06,-0.006323560380913086,1264.2184933434223
-4.9999999999999996e-06,-0.006322279795793792,1264.2184933434223
-4.9999999999999996e-06,-0.006323103368100133,1264.2184933434223
-4.9999999999999996e-06,-0.006322202310854661,1264.2184933434223
-4.9999999999999996e-06,-0.0063220922675340215,1264.2184933434223
