Current,Voltage,Resistance
-4.9999999999999996e-06,-0.00046658013654936683,382.95313074189335
-4.9999999999999996e-06,-0.0018211837456242053,382.95313074189335
-4.9999999999999996e-06,-0.0018211837456242053,382.95313074189335
-4.9999999999999996e-06,-0.0019149365524730353,382.95313074189335
-4.9999999999999996e-06,-0.0019148841106014015,382.95313074189335
-4.9999999999999996e-06,-0.001914841032577958,382.95313074189335
-4.9999999999999996e-06,-0.0019149085835027742,382.95313074189335
-4.9999999999999996e-06,-0.0019149411693144573,382.95313074189335
-4.9999999999999996e-06,-0.0019149577337046972,382.95313074189335
-4.9999999999999996e-06,-0.0019149823686724033,382.95313074189335
-4.9999999999999996e-06,-0.0019149736325518348,382.95313074189335
-4.9999999999999996e-06,-0.0019150070044783834,382.95313074189335
-4.9999999999999996e-06,-0.0019150207087238102,382.95313074189335
-4.9999999999999996e-06,-0.0019150207087238102,382.95313074189335
-4.9999999999999996e-06,-0.0019148742961808585,382.95313074189335
-4.9999999999999996e-06,-0.0019150315622782983,382.95313074189335
-4.9999999999999996e-06,-0.0019149260797278653,382.95313074189335
-4.9999999999999996e-06,-0.00191474474477719,382.95313074189335
-4.9999999999999996e-06,-0.0019148179876300184,382.95313074189335
-4.9999999999999996e-06,-0.0019148043432746212,382.95313074189335
-4.9999999999999996e-06,-0.0019147155495981376,382.95313074189335
-4.9999999999999996e-06,-0.0019147656537094667,382.95313074189335
