Current,Voltage,Resistance
-4.9999999999999996e-06,-0.0014185153242882035,1185.4659404383203
-4.9999999999999996e-06,-0.005632504098790207,1185.4659404383203
-4.9999999999999996e-06,-0.005632504098790207,1185.4659404383203
-4.9999999999999996e-06,-0.005926884774357849,1185.4659404383203
-4.9999999999999996e-06,-0.005927254870716127,1185.4659404383203
-4.9999999999999996e-06,-0.005927122116453236,1185.4659404383203
-4.9999999999999996e-06,-0.005927107190283531,1185.4659404383203
-4.9999999999999996e-06,-0.0059275784049041946,1185.4659404383203
-4.9999999999999996e-06,-0.005927202553607626,1185.4659404383203
-4.9999999999999996e-06,-0.00592770168666925,1185.4659404383203
-4.9999999999999996e-06,-0.005927034008857569,1185.4659404383203
-4.9999999999999996e-06,-0.005927471316686206,1185.4659404383203
-4.9999999999999996e-06,-0.005927196860235918,1185.4659404383203
-4.9999999999999996e-06,-0.005927196860235918,1185.4659404383203
-4.9999999999999996e-06,-0.005927329702191601,1185.4659404383203
-4.9999999999999996e-06,-0.005927297460444879,1185.4659404383203
-4.9999999999999996e-06,-0.005927200912639421,1185.4659404383203
-4.9999999999999996e-06,-0.005927230813738443,1185.4659404383203
-4.9999999999999996e-06,-0.005927265868127774,1185.4659404383203
-4.9999999999999996e-06,-0.005927229250962586,1185.4659404383203
-4.9999999999999996e-06,-0.005927195038386782,1185.4659404383203
-4.9999999999999996e-06,-0.005927711572808797,1185.4659404383203
