Current,Voltage,Resistance
-4.9999999999999996e-06,-0.0016910933398313135,338.21866796626273
-4.9999999999999996e-06,-0.005156022079386944,338.21866796626273
-4.9999999999999996e-06,-0.005156022079386944,338.21866796626273
-4.9999999999999996e-06,-0.005397362940043957,338.21866796626273
-4.9999999999999996e-06,-0.005397479108680335,338.21866796626273
-4.9999999999999996e-06,-0.005397247546392028,338.21866796626273
-4.9999999999999996e-06,-0.005397290056903882,338.21866796626273
-4.9999999999999996e-06,-0.005397512350581248,338.21866796626273
-4.9999999999999996e-06,-0.005397484697966328,338.21866796626273
-4.9999999999999996e-06,-0.005397639846676427,338.21866796626273
-4.9999999999999996e-06,-0.0053976540832259366,338.21866796626273
-4.9999999999999996e-06,-0.0053973866507212795,338.21866796626273
-4.9999999999999996e-06,-0.005397584735134492,338.21866796626273
-4.9999999999999996e-06,-0.005397584735134492,338.21866796626273
-4.9999999999999996e-06,-0.00539776369949246,338.21866796626273
-4.9999999999999996e-06,-0.005397742209543055,338.21866796626273
-4.9999999999999996e-06,-0.005397570317936905,338.21866796626273
-4.9999999999999996e-06,-0.005397589842645712,338.21866796626273
-4.9999999999999996e-06,-0.00539763132445548,338.21866796626273
-4.9999999999999996e-06,-0.005397490113124165,338.21866796626273
-4.9999999999999996e-06,-0.005397225025691427,338.21866796626273
-4.9999999999999996e-06,-0.005397350300686121,338.21866796626273
